http://www.legafantacalciosanremo.it/forum/viewtopic.php?f=19&t=3559
https://www.pianetafanta.it/Giocatori-Statistiche-Avanzate.asp

C	GIOCATORE	P	T	Q	MG	MC	MT	MF 	M2	M3	GS	GF	AU	A	E	AS	SB	PA	TR	SU
	
A
RONALDO C.
JUV	28	28	62,1	6,7	6,73	7,09	9,79	6,72	6,84		28		1		3	 		11	
	
A
IMMOBILE C.
LAZ	31	30	48,1	6,55	6,94	6,66	9,37	6,74	6,72		29		7		7	 1		11	
	
P
REINA P.
MIL	1	1	4,1	6,5	6,5	5,5	8,5	6,5	6,17	1						 	1		
	
A
ZAPATA D.
ATA	22	19	41,1	6,43	6,43	6,57	8,41	6,43	6,48		13		1		5	 		1	
	
A
ILICIC J.
ATA	26	22	41,1	6,52	6,52	6,62	8,35	6,52	6,55		15		1	1	4	 			
	
A
LUKAKU R.
INT	31	29	41,1	6,44	6,47	6,37	8,27	6,46	6,43		19		2		1	 		5	
	
A
REBIC A.
MIL	16	11	31,1	6,41	6,44	6,19	8,25	6,43	6,35		10		3		1	 			
	
A
JUWARA M.
BOL	2		4,4	7	7	7,5	8,25	7	7,17		1		1			 			
	
A
BARROW M.
BOL	13	9	24,1	6,18	6,34	6,19	7,26	6,26	6,24		7		1		1	 		1	
	
A
DYBALA P.
JUV	27	23	38,1	6,81	6,7	6,91	8,02	6,76	6,81		10		5		5	 		1	
	
C
MKHITARYAN H.
ROM	18	12	32,2	6,11	6,18	6,12	7,97	6,14	6,14		8		5		4	 			
	
D
GOSENS R.
ATA	28	25	30,3	6,38	6,42	6,52	7,96	6,4	6,44		9		2		5	 			
	
A
MURIEL L.
ATA	27	11	32,1	6,11	6,33	6,33	7,93	6,22	6,26		17				1	 1		6	
	
C
GOMEZ A.
ATA	31	29	34,2	6,74	6,89	6,85	7,84	6,82	6,83		6		2		11	 			
	
D
CHIELLINI G.
JUV	3	3	19,3	6,33	6,5	7	7,83	6,42	6,61		1					 			
	
A
BERARDI D.
SAS	26	24	31,1	6,52	6,48	6,46	7,83	6,5	6,49		12		4	1	4	 1		2	
	
C
ALBERTO L.
LAZ	31	31	33,2	6,66	6,87	6,56	7,82	6,76	6,7		6		4		14	 		1	
	
A
BELOTTI A.
TOR	29	28	36,1	6,29	6,33	6,43	7,79	6,31	6,35		15	1	3		2	 		7	
	
A
CORNELIUS A.
PAR	22	15	26,1	6,26	6,45	6,38	7,86	6,36	6,36		11		1		1	 			
	
A
JOAO PEDRO
CAG	32	32	29,1	6,31	6,33	6,19	7,73	6,32	6,28		17		5		3	 2		4	
	
D
BONIFAZI K.
TOR	3	3	9,2	5,5	5,68	5,54	6,07	5,59	5,57		1					 			
	
A
CAPUTO F.
SAS	28	27	33,1	6,14	6,18	6,16	7,66	6,16	6,16		13		3		5	 		1	
	
A
PAZZINI G.
VER	9	3	18,1	6,28	6,44	6,28	7,61	6,36	6,33		4					 		3	
	
A
KOUAMÉ C.
GEN	11	10	20,1	6,14	6,32	6,11	7,25	6,23	6,19		5		1		1	 			
	
A
DZEKO E.
ROM	31	27	32,1	6,21	6,15	6,27	7,56	6,18	6,21		14		4		2	 			
	
C
PEREIRO G.
CAG	3	2	17,2	6,17	6,17	6,17	7,5	6,17	6,17		1					 			
	
C
MANCOSU M.
LEC	27	22	25,2	6	6,13	6,04	7,5	6,06	6,06		11		3		1	 1		8	
	
C
KULUSEVSKI D.
PAR	30	28	23,2	6,37	6,2	6,33	7,48	6,28	6,3		7		3		7	 			
	
C
PANDEV G.
GEN	22	13	25,2	6,11	6,4	6,27	7,45	6,26	6,26		8		3	1		 			
	
A
MILIK A.
NAP	22	16	31,1	6,18	6,09	6,16	7,45	6,14	6,14		10		4			 			
	
C
NAINGGOLAN R.
CAG	27	26	29,2	6,48	6,61	6,52	7,43	6,54	6,54		6		5		4	 			
	
A
IBRAHIMOVIC Z
MIL	12	10	35,1	6,38	6,46	6,46	7,42	6,42	6,43		4		1		1	 		2	
	
C
YOUNG A.
INT	12	10	20,2	6,29	6,21	6,17	7,42	6,25	6,22		3		1		2	 			
	
C
RAMIREZ G.
SAM	19	15	24,2	5,92	6,18	5,89	7,37	6,05	6		7		5		2	 		3	
	
C
ZANIOLO N.
ROM	20	15	27,2	6,45	6,42	6,3	7,35	6,44	6,39		5		6		1	 			
	
A
BOGA J.
SAS	31	26	27,1	6,29	6,45	6,33	7,32	6,37	6,36		10				2	 			
	
C
SAPONARA R.
LEC	7	7	18,2	6	6,05	5,82	6,55	6,02	5,96		1		1		3	 			
	
C
SENSI S.
INT	14	11	19,2	6,5	6,32	6,43	7,42	6,41	6,42		3		2		1	 			
	
A
MARTINEZ L.
INT	29	25	28,1	6,16	6,12	6,11	7,26	6,14	6,13		12		6	1	3	 1		2	
	
A
MERTENS D.
NAP	27	16	31,1	6,21	6	6,18	7,29	6,1	6,13		9		4		3	 			
	
A
CAICEDO F.
LAZ	24	15	24,1	6,27	6,33	6,07	7,19	6,3	6,22		9		6		1	 1			
	
C
BORINI F.
VER	8	5	13,2	6,1	6,17	5,94	6,8	6,14	6,07		2		1			 			
	
C
RIBERY F.
FIO	17	16	25,2	6,44	6,71	6,53	7,18	6,58	6,56		3		1	1	2	 			
	
C
MALINOVSKYI R
ATA	26	10	25,2	6,31	6,38	6,42	7,13	6,34	6,37		6		5	1	1	 			
	
A
QUAGLIARELLA
SAM	23	23	32,1	5,91	6,07	5,89	7,13	5,99	5,96		10		2		2	 1		5	
	
D
HERNÁNDEZ T.
MIL	28	27	22,3	6,32	6,27	6,04	7,09	6,3	6,21		6	1	9		1	 			
	
D
CRISCITO D.
GEN	19	19	20,3	5,87	5,92	5,79	7,05	5,9	5,86		7		6			 2		7	
	
C
ANSALDI C.
TOR	20	17	20,2	6,28	6,22	6,35	7,05	6,25	6,28		4		7		3	 			
	
A
GABBIADINI M.
SAM	27	22	23,1	6,04	6,11	5,88	7,04	6,08	6,01		9		2		1	 		1	
	
A
RAGATZU D.
CAG	5	1	7,4	6,4	6,2	6,2	7	6,3	6,27		1					 			
	
D
MAGNANI G.
SAS	4	3	9,2	5,86	5,79	5,57	6,29	5,82	5,74		1		1			 			
	
C
DJURICIC F.
SAS	22	16	18,2	6,14	6,18	6,23	6,93	6,16	6,18		4		5		4	 			
	
A
TORREGROSSA E
BRE	19	17	19,1	6,21	6,03	6,26	6,92	6,12	6,17		5		5		1	 		1	
	
A
LASAGNA K.
UDI	31	25	25,1	5,97	5,95	6,06	6,92	5,96	5,99		10		1			 			
	
D
DEMIRAL M.
JUV	6	6	11,3	6,08	6,25	6,58	6,92	6,16	6,3		1		1		1	 			
	
A
HIGUAIN G.
JUV	26	18	25,1	6,13	6,22	6,56	6,9	6,18	6,3		6		2		3	 			
	
C
KUCKA J.
PAR	25	21	22,2	6,12	6,16	6,12	6,9	6,14	6,13		5		3	1	2	 		2	
	
C
CANDREVA A.
INT	26	20	19,2	6,17	6,31	6,19	6,88	6,24	6,22		4		5		5	 			
	
C
YOUNES A.
NAP	4	1	15,2	6	5,5	5,75	6,88	5,75	5,75		1		1			 			
	
A
ORSOLINI R.
BOL	32	30	24,1	6,02	5,98	6,12	6,88	6	6,04		8		3		5	 			
	
C
MILINKOVIC S.
LAZ	31	29	24,2	6,21	6,52	6,15	6,87	6,36	6,29		5		7		4	 			
	
C
PESSINA M.
VER	30	22	19,2	6,28	6,1	6,16	6,87	6,19	6,18		5		5			 			
	
D
MARUSIC A.
LAZ	11	9	13,3	6,14	6,2	5,94	6,86	6,17	6,09		2		2			 			
	
C
DE PAUL R.
UDI	28	27	25,2	5,98	6,27	6,09	6,86	6,12	6,11		6		5	1	4	 			
	
A
SANCHEZ A.
INT	14	8	27,1	6,11	6,27	6,36	6,86	6,19	6,25		2		1	1	6	 		1	
	
A
SIMEONE G.
CAG	31	29	23,1	5,98	6,18	6,03	6,85	6,08	6,06		9		4		2	 			
	
A
PETAGNA A.
SPA	31	29	24,1	6,03	6,05	5,94	6,85	6,04	6,01		11		5		1	 2		4	
	
C
DOUGLAS COSTA
JUV	15	5	21,2	6,33	6,29	6,4	6,83	6,31	6,34		1		1		4	 			
	
A
HARASLIN L.
SAS	6	4	8,4	6,42	6,17	6,25	6,83	6,3	6,28		1		1			 			
	
C
PASALIC M.
ATA	29	25	22,2	6,05	6,21	6,38	6,83	6,13	6,21		6	1	5		3	 			
	
C
SORIANO R.
BOL	23	23	20,2	6,17	6,04	6,17	6,83	6,1	6,13		4		2	2	2	 			
	
A
LAPADULA G.
LEC	19	16	19,1	5,95	6,05	6	6,82	6	6		7		7	1		 		2	
	
A
PALACIO R.
BOL	29	24	20,1	6,16	6,27	6,12	6,81	6,22	6,18		6		4		3	 			
	
C
LINETTY K.
SAM	23	18	21,2	6,07	6	6,07	6,8	6,04	6,05		4		4		3	 			
	
C
VALERO BORJA
INT	12	10	13,2	6,21	6,21	6,08	6,79	6,21	6,17		2		2			 			
	
A
GERVINHO
PAR	24	23	26,1	6,1	6,02	6,08	6,79	6,06	6,07		6		3		3	 1			
	
D
DE VRIJ S.
INT	30	28	23,3	6,37	6,33	6,3	6,78	6,35	6,33		3		4		1	 			
	
D
KOLAROV A.
ROM	26	25	22,3	5,94	5,96	5,92	6,77	5,95	5,94		6		5		3	 2		2	
	
C
BROZOVIC M.
INT	27	26	20,2	6,28	6,22	6,26	6,76	6,25	6,25		3		6		4	 			
	
C
CALLEJON J.
NAP	27	22	24,2	5,94	5,96	6,04	6,76	5,95	5,98		4		2		7	 			
	
C
VELOSO M.
VER	27	26	17,2	6,3	6,33	6,2	6,76	6,32	6,28		3		5		3	 			
	
C
CHIESA F.
FIO	28	26	25,2	6	6,04	6,04	6,75	6,02	6,03		6		6		3	 1		1	
	
C
UNDER C.
ROM	14	10	22,2	5,93	5,96	5,79	6,75	5,94	5,89		3		1			 			
	
C
LAZOVIC D.
VER	32	31	21,2	6,28	6,36	6,3	6,75	6,32	6,31		3		4		5	 			
	
A
KALINIC N.
ROM	8	4	18,1	5,5	5,64	5,44	6,75	5,57	5,53		3				1	 			
	
D
SMALLING C.
ROM	25	25	18,3	6,38	6,18	6,31	6,74	6,28	6,29		2		2		1	 			
	
A
DONNARUMMA Al
BRE	23	19	21,1	5,83	5,7	5,8	6,72	5,76	5,78		7		1			 		2	
	
D
FARAONI D.
VER	30	30	19,3	6,12	6,23	6,22	6,72	6,18	6,19		4		6		3	 			
	
A
CORREA C.
LAZ	27	20	21,1	6	5,94	6,09	6,7	5,97	6,01		7				1	 1			
	
A
BOBBY A.
LAZ	5	1	4,4	6,2	6,3	6	6,7	6,25	6,17		1		1			 			
	
C
BONAVENTURA G
MIL	20	13	19,2	6,02	6	5,84	6,7	6,01	5,95		3		1		2	 			
	
C
FREULER R.
ATA	25	23	20,2	6,38	6,16	6,36	6,7	6,27	6,3		2		2		1	 			
	
C
FOFANA S.
UDI	26	21	18,2	6,19	6,08	6,31	6,69	6,14	6,19		2		4		7	 			
	
A
LLORENTE F.
NAP	11	3	17,1	5,82	6	6	6,68	5,91	5,94		3		1		1	 			
	
A
FALCO F.
LEC	25	20	17,1	6,16	6,14	6,02	6,68	6,15	6,11		3				4	 			
	
A
RASPADORI G.
SAS	6	4	4,4	6,17	6,25	6,17	6,67	6,21	6,2		1					 			
	
C
BERENGUER A.
TOR	23	17	17,2	5,8	5,84	5,74	6,65	5,82	5,79		5		3		1	 			
	
D
TOLOI R.
ATA	27	26	19,3	6,3	6,2	6,13	6,65	6,25	6,21		2		7		4	 			
	
A
IAGO F.
GEN	7	4	23,1	5,95	5,8	5,75	6,25	5,88	5,83		2					 1		2	
	
A
LEAO R.
MIL	22	11	23,1	5,98	5,93	5,93	6,69	5,96	5,95		5					 			
	
C
PELLEGRINI Lo
ROM	23	22	20,2	6,24	6,17	6,28	6,63	6,2	6,23		1		6	1	9	 			
	
A
BALOTELLI M.
BRE	19	16	23,1	5,97	6,03	5,92	6,61	6	5,97		5		4	1		 			
	
C
BARAK A.
LEC	10	9	12,2	5,9	5,97	5,93	6,13	5,94	5,93		1					 			
	
A
INSIGNE L.
NAP	31	29	25,1	5,9	6,03	6,21	6,6	5,96	6,05		6		1		4	 		3	
	
C
PEROTTI D.
ROM	16	9	18,2	5,84	5,92	5,73	6,59	5,88	5,83		3		2	1	2	 		3	
	
C
CASTRO L.
CAG	13	6	13,2	5,73	5,95	5,87	6,05	5,84	5,85		2		2			 			
	
C
CALHANOGLU H.
MIL	29	28	21,2	5,88	5,88	5,83	6,57	5,88	5,86		5		6		3	 		1	
	
D
MULDUR M.
SAS	16	12	12,3	6,12	6,1	6,03	6,56	6,11	6,08		2		4			 			
	
A
LOZANO H.
NAP	18	8	24,1	5,86	5,72	6,09	6,56	5,79	5,89		4		1		1	 			
	
C
NANDEZ N
CAG	29	26	18,2	6,38	6,52	6,29	6,55	6,45	6,4		2		12		3	 			
	
C
PULGAR E.
FIO	30	28	20,2	5,77	5,72	5,78	6,55	5,74	5,76		6		9		4	 		6	
	
C
OLIVA C.
CAG	11	5	10,2	6,14	6,31	5,95	6,55	6,22	6,13		1		1		1	 			
	
D
DE LIGT M.
JUV	24	22	22,3	6,08	6	6,48	6,54	6,04	6,19		3		5			 			
	
A
BONAZZOLI F.
SAM	14	5	13,1	5,93	5,85	6	6,54	5,89	5,93		3		1			 			
	
D
BONUCCI L.
JUV	31	31	18,3	6,23	6,11	6,35	6,53	6,17	6,23		3		8			 			
	
D
MANOLAS K.
NAP	21	21	19,3	5,93	6,12	5,98	6,52	6,02	6,01		3		2			 			
	
C
VERRE V.
VER	27	20	18,2	6,11	5,98	6,02	6,52	6,04	6,04		3		4		1	 		2	
	
C
VERETOUT J.
ROM	28	27	20,2	6,2	6,07	6,02	6,52	6,14	6,1		3		6			 		2	
	
D
ACERBI F.
LAZ	30	30	19,3	6,22	6,5	6,17	6,52	6,36	6,3		2		4		2	 			
	
D
CEPPITELLI L.
CAG	11	11	12,3	6,05	6,18	6,2	6,5	6,12	6,14		2	1	4			 			
	
D
GAGLIOLO R.
PAR	27	27	16,3	6,04	5,8	5,74	6,5	5,92	5,86		3		6		2	 			
	
C
ZACCAGNI M.
VER	29	24	16,2	6,18	6,05	6,07	6,52	6,12	6,1		2		5		4	 			
	
A
ESPOSITO S.
INT	5	4	3,4	6	6,1	6,1	6,5	6,05	6,07		1		1			 		1	
	
A
VLAHOVIC D.
FIO	24	12	13,1	5,85	5,83	5,66	6,48	5,84	5,78		6		4	1		 		1	
	
D
CASTAGNE T.
ATA	19	16	17,3	6,26	6,26	6,33	6,47	6,26	6,28		1		3		1	 			
	
A
DEFREL G.
SAS	18	11	21,1	5,89	6,03	5,97	6,47	5,96	5,96		3		1		2	 		1	
	
C
RAMSEY A.
JUV	18	9	21,2	6,03	5,81	6,22	6,47	5,92	6,02		2					 			
	
C
CASTILLEJO S.
MIL	15	15	16,2	6,17	6,18	6,04	6,47	6,18	6,13		1		3		2	 			
	
C
CASTROVILLI G
FIO	29	28	14,2	6,14	6,22	6,21	6,47	6,18	6,19		3		9		2	 			
	
C
POLI A.
BOL	24	21	16,2	6,19	6,06	6,15	6,46	6,12	6,13		2		5		1	 			
	
C
KLUIVERT J.
ROM	20	19	18,2	5,8	5,98	5,88	6,45	5,89	5,89		4		4	1		 			
	
D
DI LORENZO G.
NAP	29	29	18,3	5,95	5,91	6	6,45	5,93	5,95		3		4		3	 			
	
C
GAGLIARDINI R
INT	19	17	14,2	5,89	5,84	5,89	6,45	5,86	5,87		3		3			 			
	
A
LA MANTIA A.
LEC	9	6	16,1	5,83	5,88	5,61	6,44	5,86	5,77		2		1			 			
	
A
ZAZA S.
TOR	16	10	15,1	5,81	5,91	6,07	6,44	5,86	5,93		4		4			 			
	
C
DUNCAN A.
SAS	12	11	15,2	5,97	6,13	6,03	6,21	6,05	6,04		1		3		2	 			
	
D
SEMPRINI A.
BRE	6	5	4,2	5,83	5,83	5,75	6,42	5,83	5,8		1		2			 			
	
C
VECINO M.
INT	19	15	16,2	6	6,05	5,92	6,39	6,02	5,99		2		3		1	 			
	
C
MOSES V.
INT	8	5	14,2	6,19	6,06	6,19	6,38	6,12	6,15				1		2	 			
	
C
SCOZZARELLA M
PAR	15	13	11,2	6,3	6,11	6,2	6,37	6,2	6,2				2		2	 			
	
C
KURTIC J.
SPA	15	15	17,2	5,98	6,08	6,03	6,27	6,03	6,03		2		5			 			
	
D
D'AMBROSIO D.
INT	15	14	13,3	5,97	6,03	5,83	6,37	6	5,94		2		6			 			
	
C
CUADRADO J.
JUV	29	25	17,2	6,1	6,17	6,17	6,36	6,14	6,15		2		5	1	3	 			
	
A
OKAKA S.
UDI	28	23	18,1	5,8	5,96	6,09	6,36	5,88	5,95		6		9		2	 			
	
C
DZEMAILI B.
BOL	10	8	12,2	5,95	5,85	6,05	6,35	5,9	5,95		1		2		1	 			
	
C
TONALI S.
BRE	30	30	14,2	6,15	6,02	6,2	6,35	6,08	6,12		1		8		6	 			
	
C
BARELLA N.
INT	23	19	17,2	6,22	6,22	6,3	6,35	6,22	6,25		1		8		3	 			
	
C
AMRABAT S.
VER	29	28	14,2	6,5	6,45	6,48	6,34	6,48	6,48				9	1	1	 			
	
C
TAMEZE A.
ATA	3	2	8,3	6,33	5,75	6,75	6,33	6,04	6,28							 			
	
C
ROG M.
CAG	24	24	14,2	6,31	6,15	6,15	6,33	6,23	6,2		1		7			 			
	
D
PALOMINO J.
ATA	27	25	17,3	6,13	6,07	6,06	6,33	6,1	6,09		2	1	5		1	 			
	
C
LOCATELLI M.
SAS	27	25	16,2	6,37	6,38	6,31	6,31	6,38	6,35			1	7		4	 			
	
C
RUIZ F.
NAP	28	26	20,2	5,88	5,96	6,13	6,3	5,92	5,99		2		2		5	 			
	
A
SANABRIA A.
GEN	20	13	15,1	5,85	5,78	5,75	6,3	5,82	5,79		3		2		1	 			
	
D
PAPETTI A.
BRE	5	5	4,2	5,6	5,9	6,1	6,3	5,75	5,87		1		2			 			
	
A
SALCEDO E.
VER	12	7	7,4	6,04	6	6,18	6,29	6,02	6,07		1					 			
	
D
GOLDANIGA E.
GEN	7	6	8,2	5,86	6	5,86	6,29	5,93	5,91		1		3			 			
	
C
ELMAS E.
NAP	16	10	14,2	6,16	6,12	6,1	6,28	6,14	6,13		1		6		1	 			
	
C
PJANIC M.
JUV	27	26	17,2	5,94	6,02	6,17	6,28	5,98	6,04		3		8		1	 			
	
D
MILENKOVIC N.
FIO	31	30	14,3	5,97	5,95	5,77	6,27	5,96	5,9		3		8			 			
	
D
DANILO L.
BOL	24	24	14,3	6,1	6	6,02	6,27	6,05	6,04		2		8	1		 			
	
A
INGLESE R.
PAR	13	9	20,1	5,85	5,96	5,71	6,27	5,9	5,84		3		1			 1			
	
A
STEPINSKI M.
VER	15	9	15,1	5,77	5,79	5,89	6,27	5,78	5,82		3		3	1	1	 			
	
C
ZIELINSKI P.
NAP	30	27	19,2	6	5,97	6,02	6,27	5,98	6		2		4		2	 			
	
C
TRAORE H.
SAS	25	18	15,2	6	5,96	6,02	6,26	5,98	5,99		2		3			 			
	
C
SEMA K.
UDI	25	25	13,2	6,02	5,96	5,96	6,26	5,99	5,98		2		4			 			
	
C
DE ROON M.
ATA	29	24	15,2	6,24	6,14	6,24	6,26	6,19	6,21		1	1	11		4	 			
	
A
CUTRONE P.
FIO	12	7	20,1	5,79	5,88	5,91	6,25	5,84	5,86		2		1			 			
	
D
PAZ N.
BOL	2		4,2	5,69	5,81	5,62	5,62	5,75	5,71						1	 			
	
D
SUTALO B.
ATA	2	2	4,2	6,25	6	6,25	6,25	6,12	6,17							 			
	
D
CHANCELLOR J.
BRE	24	24	12,3	5,83	5,83	5,85	6,25	5,83	5,84		3	1	3			 			
	
D
CALDERONI M.
LEC	23	23	11,3	5,7	5,78	5,72	6,24	5,74	5,73		3		6		2	 			
	
A
PINAMONTI A.
GEN	26	20	17,1	5,75	5,85	5,77	6,23	5,8	5,79		5		1		1	 1		1	
	
A
KARAMOH Y.
PAR	11	6	13,1	5,86	6	6,06	6,23	5,93	5,97		1				1	 			
	
D
ROGERIO O.
SAS	11	8	10,3	6	6	6,1	6,23	6	6,03		1		4			 			
	
D
IACOPONI S.
PAR	31	31	13,3	6,02	6,02	5,79	6,23	6,02	5,94		2		5			 			
	
D
PEZZELLA Ge.
FIO	27	27	15,3	5,91	5,94	5,87	6,22	5,93	5,91		3		10			 			
	
C
ERIKSEN C.
INT	9	6	29,2	5,67	5,89	5,72	6,22	5,78	5,76		1				1	 			
	
C
LAZZARI M.
LAZ	27	24	15,2	6,2	6,19	6,07	6,2	6,2	6,15				4		2	 			
	
C
DEMME D.
NAP	10	7	10,2	6,05	6,15	6,15	6,2	6,1	6,12		1		5			 			
	
D
BASTONI A.
INT	20	17	11,3	5,95	5,98	5,98	6,2	5,96	5,97		2		6	1		 			
	
D
DJIMSITI B.
ATA	28	27	13,3	6,05	6	6,11	6,2	6,02	6,05		1		3		1	 			
	
A
DI CARMINE S.
VER	18	16	15,1	5,78	5,89	5,92	6,19	5,84	5,86		4		3			 1		1	
	
D
BREMER
TOR	21	21	10,3	5,9	5,5	5,76	6,19	5,7	5,72		2		2	2		 			
	
D
KUMBULLA M.
VER	24	24	10,3	6,12	6,17	6,07	6,19	6,14	6,12		1		4	1		 			
	
D
SOUMAORO A.
GEN	8	7	8,2	5,75	5,88	6,06	6,19	5,82	5,9		1		2			 			
	
C
BENASSI M.
FIO	16	11	16,2	5,88	5,87	5,97	6,19	5,88	5,91		1				1	 			
	
C
CATALDI D.
LAZ	16	3	10,2	6,03	6,27	5,96	6,19	6,15	6,09		1		3			 			
	
D
BANI M.
BOL	27	26	11,3	5,74	5,85	5,91	6,19	5,8	5,83		4		10	1		 			
	
C
VALOTI M.
SPA	22	16	12,2	5,8	5,86	5,75	6,18	5,83	5,8		3		7			 			
	
D
BIRAGHI C.
INT	20	17	12,3	5,82	5,89	5,76	6,18	5,86	5,82		1		1		3	 			
	
C
JANKTO J.
SAM	24	20	14,2	5,88	5,83	5,78	6,17	5,86	5,83		2		6		2	 			
	
C
KURTIC J.
PAR	15	13	17,2	5,98	6,08	6,03	6,27	6,03	6,03		1		4		1	 			
	
D
LARSEN J.
UDI	28	28	14,3	5,98	5,91	6,05	6,16	5,94	5,98		1		3		2	 			
	
A
FARIAS D.
LEC	16	6	15,1	5,91	6,06	5,94	6,16	5,98	5,97		2		2	1		 			
	
A
CAPRARI G.
SAM	16	5	14,1	5,7	5,75	5,73	6	5,72	5,73		3		2	1		 			
	
C
KESSIE F.
MIL	29	27	19,2	5,79	5,78	5,71	6,16	5,78	5,76		3		3			 		2	
	
A
DI FRANCESCO
SPA	14	13	13,1	5,86	6,04	5,96	6,14	5,95	5,95		2		4			 			
	
C
ALLAN M.
NAP	14	14	17,2	5,86	5,93	5,93	6,14	5,9	5,91		1		2		1	 			
	
C
BENTANCUR R.
JUV	25	21	14,2	6,08	6	6,28	6,14	6,04	6,12				9		6	 			
	
D
MAKSIMOVIC N.
NAP	18	17	10,3	5,89	6,03	5,94	6,14	5,96	5,95		1		2		1	 			
	
D
LAURINI V.
PAR	12	9	8,2	6,12	5,88	5,88	6,12	6	5,96				4		2	 			
	
A
CERRI A.
CAG	8	1	8,4	5,58	5,75	5,67	5,73	5,66	5,67		1		1			 			
	
C
PASTORE J.
ROM	8	5	14,2	6,12	6,07	5,75	6,12	6,1	5,98							 			
	
A
NESTOROVSKI I
UDI	18	12	16,1	5,81	5,8	5,78	6,11	5,8	5,8		2		3		1	 			
	
A
TUTINO G.
VER	5	3	12,1	6,1	5,5	6	6,1	5,8	5,87							 			
	
C
STURARO S.
GEN	15	15	9,3	6	6,03	5,83	6,1	6,02	5,95		1		7		1	 			
	
D
ASAMOAH K.
INT	10	9	10,3	6,05	6,25	6,25	6,1	6,15	6,18				1		1	 			
	
A
SANSONE N.
BOL	27	23	14,1	5,78	5,93	5,83	6,09	5,86	5,85		4		5		2	 1		3	
	
D
DAWIDOWICZ P.
VER	12	9	8,2	5,96	5,67	5,71	6,08	5,82	5,78		1		2	2		 			
	
D
TOLJAN J.
SAS	24	23	12,3	5,94	6	5,9	6,08	5,97	5,95		1		6		2	 			
	
D
HATEBOER H.
ATA	26	23	15,3	6,1	6,15	6,19	6,08	6,12	6,15				9		4	 			
	
C
GRASSI A.
PAR	13	5	9,3	5,92	6,05	5,9	6,08	5,98	5,96		1		4			 			
	
C
PETRICCIONE J
LEC	26	21	11,2	6,13	5,96	6	6,08	6,04	6,03				9		3	 			
	
D
LUIZ FELIPE R
LAZ	20	19	11,3	5,92	6,4	5,98	6,08	6,16	6,1		1		5		1	 			
	
C
SCHONE L.
GEN	27	25	16,2	5,91	6,02	5,96	6,07	5,96	5,96		2		5		2	 1			
	
A
POLITANO M.
INT	7	2	16,1	5,93	5,83	5,89	5,97	5,88	5,88							 			
	
A
PUSSETTO I.
UDI	9	2	13,1	5,78	5,69	5,71	6,06	5,74	5,73		1		1			 			
	
C
AGUDELO K.
GEN	9	7	6,3	5,9	6,11	5,78	6,05	6,01	5,93		1		3	1		 			
	
D
PERES B.
ROM	9	7	7,2	6	5,72	5,72	6,06	5,86	5,81				3		2	 			
	
C
DEIOLA A.
LEC	10	8	7,3	5,7	5,78	5,83	6,05	5,74	5,77		1		3		1	 			
	
D
DERMAKU K.
PAR	11	9	6,2	6,14	6,09	6,05	6,05	6,12	6,09				2			 			
	
C
FARAGÒ P.
CAG	14	10	8,3	5,86	5,93	6,12	6,04	5,9	5,97		1	1	1		1	 			
	
D
SPINAZZOLA L.
ROM	17	13	12,3	6,03	5,9	6,06	6,03	5,96	6				2		1	 			
	
C
CRISTANTE B.
ROM	18	14	14,2	5,86	5,82	5,71	6,03	5,84	5,8		1		4	1	2	 			
	
D
KYRIAKOPOULOS
SAS	22	18	9,2	6,05	5,95	6,07	6,02	6	6,02				3		1	 			
	
C
ROMULO O.
BRE	23	20	11,2	5,78	5,91	5,76	6,02	5,85	5,82		1		3		3	 			
	
C
BISOLI D.
BRE	25	24	13,2	5,92	5,96	5,88	6,02	5,94	5,92		1		5		1	 			
	
D
TOMIYASU T.
BOL	26	26	11,3	6,06	6,1	5,83	6,02	6,08	6				6		2	 			
	
D
PISACANE F.
CAG	26	25	11,3	6	6,13	5,96	6,02	6,06	6,03		1		6	1		 			
	
C
STREFEZZA G.
SPA	26	20	9,3	5,94	5,75	5,72	6,02	5,85	5,8		1		6	1	2	 			
	
C
ZENNARO M.
GEN	1	1	1,3	6	6	6	6	6	6							 			
	
C
TREMOLADA L.
BRE	1	1	5,3	6	6	6	6	6	6							 			
	
C
MARONI G.
SAM	2	1	9,3	6	5,75	5,5	6	5,88	5,75							 			
	
C
BESSA D.
VER	1	1	10,2	6	6	6	6	6	6							 			
	
C
CIGARINI L.
CAG	20	19	10,2	6	6,15	6,2	6	6,08	6,12				6		3	 			
	
C
DANZI A.
VER	2	2	2,3	6	6	6	6	6	6							 			
	
C
MAZZITELLI L.
SAS	1	1	4,3	6	6	6	6	6	6							 			
	
C
KINGSLEY M.
BOL	1	1	2,3	6	6	5,5	6	6	5,83							 			
	
C
MAGNANELLI F.
SAS	17	16	9,3	6,12	6,06	6,09	6	6,09	6,09				4			 			
	
C
AGUDELO K.
FIO	1	1	6,3	5,9	6,11	5,78	6,05	6,01	5,93							 			
	
C
JOCIC B.
VER	2	2	2,3	6	6	6	6	6	6							 			
	
C
LOBOTKA S.
NAP	10	6	12,2	6,06	6	6,06	6,06	6,03	6,04							 			
	
C
ERIKSSON S.
GEN	1	1	5,3	6	6	6	6	6	6							 			
	
C
DOMINGUEZ N.
BOL	9	4	10,2	6	5,88	6	6,06	5,94	5,96				1		1	 			
	
C
SAELEMAEKERS
MIL	7	3	10,2	6,14	6	6,17	6	6,07	6,1					1		 			
	
A
ADORANTE A.
PAR	2	2	1,4	6	6	6	6	6	6							 			
	
A
DI GAUDIO A.
VER	1	1	7,4	6	6	6	6	6	6							 			
	
A
MOROSINI L.
BRE	1	1	7,4	6	6	6	6	6	6							 			
	
A
TRAORE Am.
ATA	1	1	1,4	6	6	6	6	6	6							 			
	
A
CLEONISE D.
GEN	1	1	1,4	6	6	6	6	6	6							 			
	
A
PICCOLI R.
ATA	1	1	3,4	6	6	6	6	6	6							 			
	
A
THEREAU C.
FIO	1	1	9,4	6	6	6	6	6	6							 			
	
A
TUPTA L.
VER	1	1	2,4	6	6	6	6	6	6							 			
	
A
KOUAMÉ C.
FIO	3	2	20,1	6,14	6,32	6,11	7,25	6,23	6,19							 			
	
D
REGINI V.
PAR	4	2	4,2	5,92	5,8	5,75	5,92	5,86	5,82							 			
	
D
LAXALT D.
MIL	1		8,2	5,79	5,54	5,67	5,79	5,66	5,67							 			
	
D
MALCUIT K.
NAP	3	3	8,2	6	6	6	6	6	6							 			
	
D
VITALE L.
VER	2	1	5,2	6	6	6	6	6	6							 			
	
D
TERZIC A.
FIO	1	1	3,2	6	6	6	6	6	6							 			
	
D
ARANA G.
ATA	2		7,2	6	5,75	6	6	5,88	5,92							 			
	
D
BELLANOVA R.
ATA	1	1	2,2	6	6	6	6	6	6							 			
	
D
WESLEY D.
JUV	1	1	1,2	6	6	6	6	6	6							 			
	
D
WESLEY D.
VER	1	1	1,2	6	6	6	6	6	6							 			
	
D
FARCAS R.
SPA	1	1	1,2	6	6	6	6	6	6							 			
	
D
CZYBORRA L.
ATA	1	1	5,2	6	6	6	6	6	6							 			
	
D
YOSHIDA M.
SAM	8	7	9,2	5,94	5,86	6	6	5,9	5,93				1		1	 			
	
D
PRODL S.
UDI	1	1	6,2	6	6	6	6	6	6							 			
	
D
ASKILDSEN K.
SAM	2	1	1,2	6	6	6	6	6	6							 			
	
D
LOVATO M.
VER	1	1	1,2	6	6	6	6	6	6							 			
	
D
DURMISI R.
LAZ	1	1	3,2	6	6	6	6	6	6							 			
	
D
GODIN D.
INT	19	17	17,3	5,84	5,92	5,94	6	5,88	5,9		1		5		1	 			
	
D
CRESCENZI A.
VER	1	1	3,2	6	6	6	6	6	6							 			
	
D
DE SCIGLIO M.
JUV	6	6	11,3	6,08	6,33	6,42	6	6,2	6,28				1			 			
	
D
CURCIO F.
BRE	1	1	3,2	6	6	6	6	6	6							 			
	
D
ARMINI N.
LAZ	1	1	1,2	6	6	6	6	6	6							 			
	
P
RADUNOVIC B.
VER	2	2	2,1	6	6	6	6	6	6							 			
	
P
CORVI E.
PAR	2	2	1,1	6	6	6	6	6	6							 			
	
P
NICOLAS A.
UDI	1	1	1,1	6	6	6	6	6	6							 			
	
P
SECULIN A.
SAM	1	1	2,1	6	6	6	6	6	6							 			
	
P
UJKANI S.
TOR	1	1	1,1	6	6	6	6	6	6							 			
	
P
BRANCOLINI F.
FIO	1	1	1,1	6	6	6	6	6	6							 			
	
P
BEGOVIC A.
MIL	2	1	2,1	6,5	6,5	6,5	6	6,5	6,5	1						 			1
	
P
ICHAZO S.
GEN	1	1	1,1	6	6	6	6	6	6							 			
	
P
PERISAN S.
UDI	1	1	1,1	6	6	6	6	6	6							 			
	
P
PINSOGLIO C.
JUV	1	1	1,1	6	6	6	6	6	6							 			
	
P
PROTO S.
LAZ	1	1	1,1	6	6	6	6	6	6							 			
	
P
RADU I.
PAR	2	2	11,4	6,13	5,89	5,89	4,26	6,01	5,97							 			
	
P
THIAM D.
SPA	1	1	1,1	6	6	6	6	6	6							 			
	
P
VODISEK R.
GEN	1	1	1,1	6	6	6	6	6	6							 			
	
P
FALCONE W.
SAM	1	1	1,1	6	6	6	6	6	6							 			
	
P
ROSATI A.
TOR	1	1	1,1	6	6	6	6	6	6							 			
	
P
ROSSI F.
ATA	1	1	1,1	6	6	6	6	6	6							 			
	
P
RUSSO A.
SAS	3	3	1,1	6	6	6	6	6	6							 			
	
P
MARCHETTI F.
GEN	1	1	1,1	6	6	6	6	6	6							 			
	
P
PEGOLO G.
SAS	6	6	5,1	6,5	6,42	6,25	6	6,46	6,39	3						 			
	
P
BERARDI A.
VER	2	2	1,1	6	6	6	6	6	6							 			
	
P
BERNI T.
INT	2	2	1,1	6	6	6	6	6	6							 			
	
P
DONNARUMMA A.
MIL	1	1	1,1	6	6	6	6	6	6							 			
	
P
GASPARINI M.
UDI	1	1	1,1	6	6	6	6	6	6							 			
	
P
GUERRIERI G.
LAZ	1	1	1,1	6	6	6	6	6	6							 			
	
A
PEREZ C.
ROM	9	3	13,1	5,83	5,62	5,78	6	5,72	5,74				1		2	 			
	
A
LA GUMINA A.
SAM	3	2	11,1	6	6	6	6	6	6							 			
	
A
OLAWALE M.
PAR	2	2	1,4	6	6	6	6	6	6							 			
	
D
RRAHMANI A.
VER	32	32	11,3	6	6,06	6,03	5,98	6,03	6,03				3		1	 			
	
A
PIATEK K.
MIL	18	14	25,1	5,33	5,31	5,31	5,97	5,32	5,32		4		1			 		3	
	
A
SPROCATI M.
PAR	15	6	8,4	5,77	5,68	5,69	5,97	5,72	5,71		1					 			
	
D
LUCIONI F.
LEC	30	30	12,3	5,67	5,62	5,8	5,97	5,64	5,7		3		7	1		 			
	
D
DE MAIO S.
UDI	15	14	9,2	6	5,75	5,89	5,97	5,88	5,88				1			 			
	
D
FAZIO F.
ROM	14	13	15,3	5,75	5,57	5,61	5,96	5,66	5,64		1		1	1		 			
	
D
MANCINI G.
ROM	27	26	13,3	6	5,83	5,91	5,96	5,92	5,91		1		11	1	1	 			
	
C
RINCON T.
TOR	27	27	12,2	5,93	5,83	5,93	5,96	5,88	5,9		1		8		1	 			
	
C
KREJCI L.
BOL	11	9	7,3	5,68	5,68	5,82	5,95	5,68	5,73		1		2			 			
	
D
KJAER S.
MIL	10	10	11,3	6	6,2	5,93	5,9	6,1	6,04				1			 			
	
D
IZZO A.
TOR	28	28	13,3	5,95	5,71	5,73	5,95	5,83	5,8		1		5	2		 			
	
C
MANDRAGORA R.
UDI	25	24	12,2	5,9	6,02	5,88	5,94	5,96	5,93				2		2	 			
	
C
RABIOT A.
JUV	24	18	15,2	5,9	5,75	6,07	5,94	5,82	5,91		1		4	1		 			
	
D
CALDARA M.
ATA	8	7	8,2	6	5,71	6,5	5,94	5,86	6,07				1			 			
	
C
PAROLO M.
LAZ	23	12	13,2	5,91	6	5,86	5,93	5,96	5,92		1		7			 			
	
D
MASIELLO A.
ATA	7	7	9,2	5,85	5,88	5,97	5,82	5,86	5,9				1			 			
	
D
DARMIAN M.
PAR	27	25	11,3	5,96	5,88	5,81	5,93	5,92	5,88				4		1	 			
	
D
ALVES B.
PAR	27	27	12,3	5,98	6	5,98	5,93	5,99	5,99				3			 			
	
C
VERDI S.
TOR	27	22	15,2	5,69	5,69	5,61	5,93	5,69	5,66		1		3		4	 			
	
D
DONATI G.
LEC	13	13	8,2	5,81	5,96	5,96	5,92	5,88	5,91		1	1	2			 			
	
D
AUGELLO T.
SAM	12	8	6,2	5,91	6	5,91	5,82	5,96	5,94				2		1	 			
	
D
GHOULAM F.
NAP	6	3	13,3	5,92	5,67	5,5	5,92	5,8	5,7				2		1	 			
	
A
SKOV OLSEN A.
BOL	17	4	11,1	5,74	5,79	5,57	5,91	5,76	5,7		1					 			
	
D
RADU S.
LAZ	28	27	9,2	5,88	6,32	5,89	5,91	6,1	6,03		1		7			 			
	
D
MATTIELLO F.
CAG	11	6	7,2	6,05	6,1	6	5,91	6,07	6,05				3			 			
	
C
MAJER Z.
LEC	22	18	9,3	5,86	5,9	5,75	5,93	5,88	5,84		1		7		1	 			
	
C
LULIC S.
LAZ	20	20	14,2	5,95	6,4	5,98	5,9	6,18	6,11				6		2	 			
	
A
SILIGARDI L.
PAR	5	4	6,4	5,9	5,9	5,7	5,9	5,9	5,83							 			
	
C
KRUNIC R.
MIL	9	5	12,2	5,94	5,83	5,71	5,89	5,88	5,83				3		1	 			
	
D
LUKAKU J.
LAZ	9	2	6,2	5,89	5,86	5,62	5,89	5,88	5,79				2		1	 			
	
D
NUYTINCK B.
UDI	22	22	9,2	5,93	5,95	5,95	5,89	5,94	5,94				2			 			
	
C
BARILLÀ A.
PAR	22	19	11,2	5,84	5,83	5,64	5,89	5,84	5,77		1		6			 			
	
C
TABANELLI A.
LEC	13	11	8,3	5,73	5,81	5,77	5,88	5,77	5,77		1		4			 			
	
C
BASELLI D.
TOR	17	17	14,2	5,85	5,56	5,91	5,88	5,7	5,77				3		2	 			
	
D
KLAVAN R.
CAG	24	23	9,2	5,94	5,94	5,83	5,88	5,94	5,9				3			 			
	
C
DIAWARA A.
ROM	16	14	10,2	6	5,84	5,81	5,88	5,92	5,88				4			 			
	
C
HENDERSON L.
VER	4	3	7,3	6	5,75	5,88	5,88	5,88	5,88				1			 			
	
A
POLITANO M.
NAP	8	6	16,1	5,93	5,83	5,89	5,97	5,88	5,88				1		1	 			
	
D
HYSAJ E.
NAP	15	13	9,2	5,9	6	6,04	5,87	5,95	5,98				3		1	 			
	
C
MATUIDI B.
JUV	26	20	12,2	5,87	5,96	6	5,87	5,92	5,94				2		1	 			
	
D
GHIGLIONE P.
GEN	22	21	7,2	5,73	5,84	5,64	5,86	5,78	5,74				4		5	 			
	
C
BRUGMAN G.
PAR	18	15	10,2	5,86	5,86	5,78	5,86	5,86	5,83				2		1	 			
	
C
BENNACER I.
MIL	25	24	12,2	6,12	5,96	5,96	5,86	6,04	6,01				13			 			
	
D
ROMAGNOLI A.
MIL	32	32	14,3	5,92	6,05	5,81	5,86	5,98	5,93				4			 			
	
C
DUNCAN A.
FIO	7	6	15,2	5,97	6,13	6,03	6,21	6,05	6,04				2		1	 			
	
C
SPALEK N.
BRE	20	16	10,2	5,68	5,53	5,55	5,85	5,6	5,59		1		3		1	 			
	
D
CHIRICHES V.
SAS	10	10	8,2	5,85	5,85	6,05	5,85	5,85	5,92							 			
	
D
CACERES M.
FIO	22	22	9,2	5,82	5,8	5,75	5,84	5,81	5,79		1		6	1		 			
	
C
EKDAL A.
SAM	28	25	11,2	5,89	5,93	5,91	5,84	5,91	5,91				7		2	 			
	
C
LUCAS M.
VER	3	2	1,3	5,83	5,83	5,67	5,83	5,83	5,78							 			
	
A
FLOCCARI S.
SPA	18	10	11,1	5,75	5,85	5,62	5,83	5,8	5,74		1		3			 			
	
C
BARRETO E.
SAM	3	2	5,3	5,83	5,5	5,5	5,83	5,66	5,61							 			
	
D
RANOCCHIA A.
INT	6	5	5,2	5,92	6	5,83	5,83	5,96	5,92				1			 			
	
D
SABELLI S.
BRE	32	32	9,2	5,84	6,05	5,88	5,83	5,94	5,92			1	3		3	 			
	
A
SANTANDER F.
BOL	14	4	13,1	5,79	5,82	6,04	5,82	5,8	5,88		1		5			 		1	
	
C
LEIVA L.
LAZ	25	23	11,2	5,98	6,3	5,82	5,82	6,14	6,03				8	1	1	 			
	
C
OBIANG P.
SAS	22	20	10,2	5,91	5,82	5,95	5,82	5,86	5,89		1	1	8			 			
	
D
RUI M.
NAP	19	18	10,3	5,92	5,97	6,05	5,82	5,94	5,98				8		2	 			
	
A
EDERA S.
TOR	8	4	6,4	5,64	5,81	5,56	6,07	5,72	5,67		1		2	1	1	 			
	
C
SVANBERG M.
BOL	13	9	7,3	5,81	5,71	5,71	5,81	5,76	5,74				2		1	 			
	
D
DANILO Lu.
JUV	18	13	10,3	5,64	5,71	5,69	5,81	5,68	5,68		1		1	1		 			
	
D
RODRIGO BECAO
UDI	23	19	9,2	5,76	5,82	5,7	5,8	5,79	5,76		1		7			 			
	
D
NKOULOU N.
TOR	25	25	12,3	5,88	5,58	5,8	5,8	5,73	5,75				2	1		 			
	
D
GABBIA M.
MIL	5	3	2,2	5,9	5,8	5,8	5,8	5,85	5,83				1			 			
	
D
KJAER S.
ATA	5	3	11,3	6	6,2	5,93	5,9	6,1	6,04				2			 			
	
D
FARES M.
SPA	5	2	10,3	5,9	5,8	6	5,8	5,85	5,9				1			 			
	
D
BARRECA A.
GEN	15	11	8,2	5,73	5,79	5,73	5,8	5,76	5,75						1	 			
	
P
COLOMBI S.
PAR	5	5	5,1	6,4	6,4	6,5	5,8	6,4	6,43	3						 			
	
C
VIVIANI M.
BRE	5	3	1,3	5,8	5,7	5,7	5,8	5,75	5,73							 			
	
C
HERNANI A.
PAR	30	27	11,2	5,87	5,95	5,87	5,8	5,91	5,9				10		3	 			
	
C
JAGIELLO F.
GEN	5	3	8,3	5,8	5,6	5,62	5,8	5,7	5,67							 			
	
C
DABO B.
SPA	10	8	8,3	5,7	5,8	5,7	5,8	5,75	5,73				2		2	 			
	
D
CISTANA A.
BRE	22	22	7,2	5,77	5,66	5,91	5,8	5,72	5,78		1		6	1		 			
	
D
PATRIC P.
LAZ	17	15	7,2	5,91	6,26	5,82	5,79	6,08	6				2	1		 			
	
C
VALDIFIORI M.
SPA	17	12	7,3	5,79	5,94	5,84	5,79	5,86	5,86				4		2	 			
	
C
IONITA A.
CAG	24	16	10,2	5,83	6,02	5,76	5,79	5,92	5,87				4		1	 			
	
D
FLORENZI A.
ROM	12	12	15,3	5,92	6	5,75	5,79	5,96	5,89				5		1	 			
	
D
DEPAOLI F.
SAM	21	17	7,2	5,86	5,98	5,79	5,79	5,92	5,88				5		1	 			
	
D
VAVRO D.
LAZ	7	2	8,2	5,79	6	5,83	5,79	5,9	5,87							 			
	
D
FERRARI G.
SAS	20	19	12,3	5,82	5,82	5,97	5,78	5,82	5,87				4		1	 			
	
D
WALUKIEWICZ S
CAG	11	10	5,2	5,82	6	5,73	5,77	5,91	5,85				1			 			
	
D
LAXALT D.
TOR	13	5	8,2	5,79	5,54	5,67	5,79	5,66	5,67				2		1	 			
	
D
GUNTER K.
VER	26	26	8,2	5,9	5,92	5,92	5,77	5,91	5,91				7			 			
	
C
KHEDIRA S.
JUV	13	10	11,2	5,81	5,88	6,19	5,77	5,84	5,96				3		1	 			
	
D
LYKOGIANNIS C
CAG	15	11	7,2	5,83	6,03	5,83	5,77	5,93	5,9				4		1	 			
	
D
ROMAGNA F.
SAS	19	17	7,2	5,82	5,97	6,03	5,76	5,9	5,94				2			 			
	
D
ROMERO C.
GEN	25	25	10,3	5,92	5,78	5,98	5,76	5,85	5,89				10		1	 			
	
D
REGINI V.
SAM	2	2	4,2	5,92	5,8	5,75	5,92	5,86	5,82							 			
	
D
MASIELLO A.
GEN	10	10	9,2	5,85	5,88	5,97	5,82	5,86	5,9				2		1	 			
	
C
BERISHA V.
LAZ	2	1	5,3	5,75	5,75	6	5,75	5,75	5,83							 			
	
P
TERRACCIANO P
FIO	2	2	2,1	6,25	6,25	6,25	5,75	6,25	6,25	1						 			1
	
P
ALFONSO E.
BRE	4	4	3,1	6,25	6,12	6,12	5,75	6,18	6,16	2						 			
	
C
AGOUME L.
INT	4	2	1,3	5,88	6,12	5,88	5,75	6	5,96				1			 			
	
A
BABACAR K.
LEC	22	14	13,1	5,68	5,75	5,64	5,75	5,72	5,69		3		3			 2			
	
A
GUMUS S.
GEN	2	1	11,1	5,75	6,25	5,5	5,75	6	5,83							 			
	
C
RADOVANOVIC I
GEN	17	16	8,3	5,82	5,85	5,65	5,74	5,84	5,77				3			 			
	
D
CACCIATORE F.
CAG	15	14	8,2	5,83	5,86	5,83	5,73	5,85	5,84				1	1		 			
	
D
FERRARI A.
SAM	13	12	6,2	5,88	5,88	5,85	5,73	5,88	5,87				4			 			
	
D
DE SILVESTRI
TOR	24	24	10,3	5,77	5,69	5,56	5,73	5,73	5,67				2			 			
	
D
ALEX SANDRO
JUV	24	22	14,3	5,71	5,75	5,92	5,73	5,73	5,79				3		2	 			
	
D
PELLEGRINI Lu
CAG	24	22	9,2	5,77	5,88	5,96	5,73	5,82	5,87				10		4	 			
	
C
VIEIRA R.
SAM	24	19	7,3	5,9	5,64	5,58	5,73	5,77	5,71				8	1	1	 			
	
D
BIRASCHI D.
GEN	20	19	9,2	5,92	5,65	5,7	5,72	5,78	5,76			1	2	1		 			
	
D
EMPEREUR A.
VER	9	6	4,2	5,83	5,94	5,94	5,72	5,88	5,9				2			 			
	
D
VENUTI L.
FIO	9	8	7,2	5,83	5,75	5,88	5,72	5,79	5,82				4		1	 			
	
C
MEDEL G.
BOL	18	17	8,3	6,03	6	5,92	5,72	6,02	5,98				9	1		 			
	
D
ZAPATA C.
GEN	16	16	8,2	5,69	5,84	5,78	5,72	5,76	5,77		1	1	4			 			
	
D
ZEEGELAAR M.
UDI	7	3	6,2	5,71	5,75	5,92	5,71	5,73	5,79				2		1	 			
	
D
SKRINIAR M.
INT	28	27	12,3	5,93	5,8	5,85	5,7	5,86	5,86			1	6	1		 			
	
A
FAVILLI A.
GEN	14	7	9,4	5,88	5,89	5,71	5,77	5,88	5,83				4			 			
	
C
BIRSA V.
CAG	7	3	11,2	5,79	6	5,75	5,71	5,9	5,85				1			 			
	
C
MISSIROLI S.
SPA	31	28	9,3	5,69	5,76	5,74	5,71	5,72	5,73		1		7			 			
	
D
LIROLA P.
FIO	29	26	10,3	5,74	5,79	5,62	5,71	5,76	5,72				4		1	 			
	
D
TRIPALDELLI A
SAS	5	4	2,2	5,7	5,8	5,8	5,7	5,75	5,77							 			
	
D
GASTALDELLO D
BRE	5	3	5,2	5,7	5,75	5,88	5,7	5,72	5,78							 			
	
C
PAQUETA L.
MIL	20	13	14,2	5,82	5,8	5,78	5,7	5,81	5,8				7		1	 			
	
C
LAZARO V.
INT	5	3	13,2	5,7	5,9	5,6	5,7	5,8	5,73				2		1	 			
	
A
MILLICO V.
TOR	5	1	3,4	5,75	5,75	6,12	5,75	5,75	5,87							 			
	
C
BJARNASON B.
BRE	10	8	8,3	5,75	5,7	5,85	5,7	5,72	5,77				1			 			
	
C
JAJALO M.
UDI	23	18	8,3	5,87	5,86	5,81	5,7	5,86	5,85				6	1		 			
	
D
MARLON
SAS	18	18	8,2	5,81	5,81	5,97	5,69	5,81	5,86				4			 			
	
D
ROSSETTINI L.
LEC	26	25	7,2	5,75	5,69	5,71	5,69	5,72	5,72				5		1	 			
	
C
WALACE S.
UDI	13	9	8,3	5,73	5,81	5,92	5,69	5,77	5,82				1			 			
	
C
JONY
LAZ	17	12	10,2	5,68	5,88	5,75	5,68	5,78	5,77				2		1	 			
	
C
SHAKHOV E.
LEC	17	8	9,3	5,65	5,74	5,44	5,68	5,7	5,61				3		2	 			
	
D
CONTI A.
MIL	20	19	9,2	5,75	5,8	5,66	5,68	5,78	5,74				7		2	 			
	
D
BASTOS
LAZ	12	6	7,2	5,62	5,73	5,79	5,67	5,68	5,71		1	1	4			 			
	
D
BENZAR R.
LEC	3	1	6,2	5,67	5,5	5	5,67	5,58	5,39							 			
	
D
ADJAPONG C.
VER	6	4	6,2	5,67	6	5,62	5,67	5,84	5,76							 			
	
D
SINGO W.
TOR	3	1	1,2	5,67	6	5,83	5,67	5,84	5,83							 			
	
C
LUKIC S.
TOR	21	18	8,3	5,76	5,66	5,64	5,67	5,71	5,69				4	1	1	 			
	
A
BOATENG K.
FIO	12	6	15,1	5,5	5,36	5,36	5,67	5,43	5,41		1		2			 			
	
D
RECA A.
SPA	22	20	7,2	5,59	5,77	5,6	5,66	5,68	5,65				1		2	 			
	
C
BADELJ M.
FIO	19	19	10,2	5,53	5,58	5,47	5,66	5,56	5,53		1		1	1		 			
	
C
SCHOUTEN J.
BOL	16	12	8,3	5,91	5,83	5,84	5,66	5,87	5,86				6	1		 			
	
C
MEITE S.
TOR	24	18	10,2	5,69	5,46	5,54	5,65	5,58	5,56				4		1	 			
	
D
MARTELLA B.
BRE	18	12	8,2	5,72	5,56	5,83	5,64	5,64	5,7				3			 			
	
D
TER AVEST H.
UDI	11	5	5,2	5,68	5,82	5,64	5,64	5,75	5,71				1			 			
	
D
BONIFAZI K.
SPA	11	10	9,2	5,5	5,68	5,54	6,07	5,59	5,57		1		2			 			
	
C
MURGIA A.
SPA	19	15	7,3	5,63	5,63	5,58	5,63	5,63	5,61				2		1	 			
	
D
TROOST-EKONG
UDI	26	26	8,2	5,69	5,79	5,71	5,62	5,74	5,73				4			 			
	
D
MBAYE I.
BOL	13	12	7,2	5,65	5,69	5,54	5,62	5,67	5,63				5		2	 			
	
D
IGOR JULIO
FIO	9	6	6,2	5,65	5,6	5,54	5,5	5,62	5,6				2			 			
	
C
CASSATA F.
GEN	19	17	7,3	5,66	5,58	5,44	5,61	5,62	5,56		1		8	1		 			
	
C
LERIS M.
SAM	10	3	6,3	5,6	5,5	5,56	5,6	5,55	5,55							 			
	
P
MIRANTE A.
ROM	5	5	7,1	6,6	6,5	6,2	5,6	6,55	6,43	5						 			1
	
C
BADU E.
VER	5	3	5,3	5,7	5,75	5,5	5,6	5,72	5,65				1			 			
	
D
PAJAC M.
GEN	11	9	7,2	5,64	5,86	5,64	5,59	5,75	5,71				1			 			
	
D
SANTON D.
ROM	11	7	5,2	5,7	5,57	5,44	5,55	5,64	5,57				3			 			
	
D
BOCCHETTI S.
VER	6	5	6,2	5,75	6,17	6,08	5,58	5,96	6				2			 			
	
C
BEHRAMI V.
GEN	12	10	7,3	5,75	5,75	5,83	5,58	5,75	5,78				2	1		 			
	
A
CAPRARI G.
PAR	6	4	14,1	5,7	5,75	5,73	6	5,72	5,73				1			 			
	
A
BARROW M.
ATA	6	1	24,1	6,18	6,34	6,19	7,26	6,26	6,24						2	 1			
	
D
MUSACCHIO M.
MIL	19	18	8,2	5,74	5,74	5,63	5,58	5,74	5,7				4	1		 			
	
C
DESSENA D.
BRE	20	18	7,3	5,72	5,62	5,85	5,58	5,67	5,73				4	1		 			
	
D
COLLEY O.
SAM	27	27	8,2	5,7	5,67	5,7	5,57	5,68	5,69				9		1	 			
	
A
RIGONI E.
SAM	7	4	14,1	5,57	5,57	5,5	5,57	5,57	5,55				2		1	 			
	
D
TONELLI L.
SAM	8	8	7,2	5,75	6	5,5	5,56	5,88	5,75				3			 			
	
D
MECCARIELLO B
LEC	9	7	5,2	5,61	5,61	5,61	5,56	5,61	5,61				1			 			
	
P
CRAGNO A.
CAG	10	10	19,4	6,45	6,45	6,4	5,55	6,45	6,43	9						 			1
	
D
ANKERSEN P.
GEN	15	10	5,2	5,53	5,86	5,73	5,53	5,7	5,71				2		1	 			
	
C
SUSO J.
MIL	16	15	14,2	5,22	5,28	5,22	5,53	5,25	5,24		1		2		2	 			
	
C
LERAGER L.
GEN	17	12	7,3	5,62	5,87	5,65	5,53	5,74	5,71				3			 			
	
D
AINA O.
TOR	26	20	7,2	5,64	5,54	5,4	5,52	5,59	5,53				8		1	 			
	
D
IBANEZ
ROM	5	4	3,2	5,6	5,5	5,1	5,5	5,55	5,4				1			 			
	
D
DIJKS M.
BOL	10	10	6,2	5,7	5,75	5,65	5,5	5,72	5,7				4			 			
	
D
ZUKANOVIC E.
SPA	4	3	6,2	5,62	5,75	5,75	5,5	5,68	5,71				1			 			
	
D
PINNA S.
CAG	1	1	1,2	6	6,5	5,5	5,5	6,25	6				1			 			
	
D
DUARTE L.
MIL	6	5	7,2	5,67	5,5	5,58	5,5	5,58	5,58				2			 			
	
D
LUPERTO S.
NAP	7	5	4,2	5,64	5,5	5,86	5,5	5,57	5,67				2			 			
	
C
NDOJ E.
BRE	14	9	6,3	5,58	5,64	5,59	5,5	5,61	5,6				2			 			
	
C
BOURABIA M.
SAS	12	8	7,3	5,77	5,86	5,75	5,64	5,82	5,79			1	3			 			
	
C
D'ALESSANDRO
SPA	9	8	7,3	5,61	5,67	5,67	5,5	5,64	5,65					1		 			
	
C
CRISTOFORO S.
FIO	1	1	4,3	5,5	4,5	5,5	5,5	5	5,17							 			
	
C
BERNARDESCHI
JUV	20	16	12,2	5,52	5,6	5,7	5,5	5,56	5,61				3		1	 			
	
C
EYSSERIC V.
FIO	1		6,3	5,5	5,5	5,5	5,5	5,5	5,5							 			
	
A
PEDRO G.
FIO	3		19,1	5,5	5	5	5,5	5,25	5,17							 			
	
A
DESTRO M.
GEN	4	2	11,1	5,5	5,83	5,79	5,43	5,66	5,71							 			
	
A
PAVOLETTI L.
CAG	2	2	25,1	5,5	6	5,5	5,5	5,75	5,67							 			
	
A
MATRI A.
BRE	3	1	8,4	5,83	5,83	5,67	5,5	5,83	5,78					1		 			
	
A
ANTONUCCI M.
ROM	2		2,4	5,75	6	5,25	5,5	5,88	5,67				1			 			
	
C
TUNJOV G.
SPA	2	2	1,3	5,5	5,5	5,75	5,5	5,5	5,58							 			
	
C
GHEZZAL R.
FIO	11	6	11,2	5,59	5,55	5,45	5,5	5,57	5,53				2			 			
	
C
THORSBY M.
SAM	18	17	7,3	5,75	5,78	5,64	5,47	5,76	5,72			1	6			 			
	
D
SAMIR C.
UDI	16	15	8,2	5,56	5,69	5,62	5,47	5,62	5,62				3			 			
	
D
PEZZELLA Gi.
PAR	16	9	5,2	5,53	5,7	5,64	5,47	5,62	5,62				2			 			
	
D
DALBERT H.
FIO	29	27	5,2	5,52	5,72	5,57	5,47	5,62	5,6				7	1	3	 			
	
D
VICARI F.
SPA	28	28	6,2	5,68	5,66	5,73	5,46	5,67	5,69			2	4			 			
	
D
LYANCO S.
TOR	13	12	7,2	5,5	5,38	5,62	5,46	5,44	5,5				1			 			
	
C
ZMRHAL J.
BRE	13	7	8,3	5,46	5,46	5,5	5,46	5,46	5,47							 			
	
D
BERESZYNSKI B
SAM	24	24	6,2	5,62	5,62	5,6	5,46	5,62	5,61				8			 			
	
D
RISPOLI A.
LEC	22	18	6,2	5,55	5,77	5,74	5,45	5,66	5,69				4			 			
	
A
SOTTIL R.
FIO	11	5	4,4	5,55	5,45	5,6	5,45	5,5	5,53				2			 			
	
D
CECCHERINI F.
FIO	9	8	5,2	5,61	5,61	5,72	5,44	5,61	5,65				3			 			
	
D
IGOR JULIO
SPA	16	14	6,2	5,65	5,6	5,54	5,5	5,62	5,6				7		1	 			
	
D
DELL'ORCO C.
LEC	8	8	5,2	5,56	5,44	5,5	5,44	5,5	5,5					1		 			
	
C
BIGLIA L.
MIL	8	7	7,3	5,5	5,5	5,29	5,44	5,5	5,43				3		1	 			
	
P
HANDANOVIC S.
INT	29	29	22,4	6,27	6,16	6,18	5,41	6,22	6,2	27						 	1		2
	
D
PELUSO F.
SAS	19	16	4,2	5,5	5,66	5,58	5,42	5,58	5,58				3	1	1	 			
	
D
PAZ N.
LEC	6	6	4,2	5,69	5,81	5,62	5,62	5,75	5,71				3			 			
	
P
SZCZESNY W.
JUV	24	24	21,4	6,31	6,12	6,31	5,42	6,22	6,25	24			1			 	1		6
	
P
SPORTIELLO M.
ATA	5	5	5,1	6	6,12	6,1	5,4	6,06	6,07	3						 			
	
D
RUGANI D.
JUV	5	5	6,2	5,5	5,4	5,5	5,4	5,45	5,47				1			 			
	
P
BUFFON G.
JUV	9	9	9,1	6,28	6,22	6,5	5,39	6,25	6,33	8						 			1
	
D
CETIN M.
ROM	4	2	4,2	5,88	5,75	4,75	5,38	5,82	5,46				2	1		 			
	
C
VILLAR G.
ROM	4	1	4,3	5,62	5,75	5,5	5,38	5,68	5,62				2			 			
	
A
PALOSCHI A.
CAG	4	2	7,4	5,23	5,28	5,5	5,23	5,26	5,34							 			
	
A
DESTRO M.
BOL	4	2	11,1	5,5	5,83	5,79	5,43	5,66	5,71				1			 			
	
C
ANDERSON A.
LAZ	4	1	2,3	5,38	5,67	6	5,38	5,52	5,68							 			
	
C
CAN E.
JUV	7	2	13,2	5,5	5,57	5,64	5,36	5,54	5,57				2			 			
	
D
KOULIBALY K.
NAP	20	19	13,3	5,62	5,85	5,76	5,35	5,74	5,74			1	5	1		 			
	
D
DENSWIL S.
BOL	20	20	5,2	5,62	5,42	5,58	5,35	5,52	5,54			1	5	1		 			
	
C
TACHTSIDIS P.
LEC	23	21	5,3	5,46	5,59	5,39	5,35	5,52	5,48				5	1	1	 			
	
A
IAGO F.
TOR	3	1	23,1	5,95	5,8	5,75	6,25	5,88	5,83							 			
	
D
OPOKU N.
UDI	6	6	4,2	5,58	5,92	5,5	5,33	5,75	5,67				1	1		 			
	
D
MAGNANI G.
BRE	3	2	9,2	5,86	5,79	5,57	6,29	5,82	5,74				2			 			
	
D
MANGRAVITI M.
BRE	11	9	2,2	5,41	5,59	5,64	5,32	5,5	5,55				2			 			
	
P
STRAKOSHA T.
LAZ	32	32	19,4	6,33	6,34	6,11	5,31	6,34	6,26	35			1			 	1		4
	
D
ZAPPACOSTA D.
ROM	5	2	10,3	5,3	5,5	5,5	5,3	5,4	5,43							 			
	
D
FELIPE D.
SPA	12	11	5,2	5,42	5,64	5,64	5,29	5,53	5,57				3			 			
	
D
CHABOT J.
SAM	7	6	4,2	5,5	5,36	5,29	5,29	5,43	5,38				1	1		 			
	
A
SKRABB S.
BRE	7	4	8,4	5,25	5,5	5,25	5,25	5,38	5,33							 			
	
C
CASTRO L.
SPA	9	7	13,2	5,73	5,95	5,87	6,05	5,84	5,85							 			
	
D
MURILLO J.
SAM	9	7	7,2	5,44	5,44	5,56	5,28	5,44	5,48				1	1		 			
	
D
MURRU N.
SAM	25	24	6,2	5,46	5,58	5,56	5,26	5,52	5,53			1	4	1		 			
	
D
CALABRIA D.
MIL	18	13	7,2	5,36	5,44	5,31	5,25	5,4	5,37				2	2	1	 			
	
D
CIONEK T.
SPA	24	21	4,2	5,46	5,62	5,75	5,25	5,54	5,61				10			 			
	
C
SAPONARA R.
GEN	4	2	18,2	6	6,05	5,82	6,55	6,02	5,96				1			 			
	
C
BORINI F.
MIL	2	1	13,2	6,1	6,17	5,94	6,8	6,14	6,07				1			 			
	
C
BERTOLACCI A.
SAM	6	6	4,3	5,33	5,83	5,17	5,25	5,58	5,44				1			 			
	
D
TOMOVIC N.
SPA	19	18	3,2	5,45	5,47	5,56	5,21	5,46	5,49			1	5	1	1	 			
	
A
AYE F.
BRE	17	13	8,4	5,32	5,38	5,35	5,21	5,35	5,35				2	1		 			
	
C
BARAK A.
UDI	5	1	12,2	5,9	5,97	5,93	6,13	5,94	5,93				1			 			
	
D
MATEJU A.
BRE	25	23	2,2	5,42	5,52	5,65	5,2	5,47	5,53			1	7	1	1	 			
	
D
RODRIGUEZ R.
MIL	5	5	7,2	5,2	5,2	5,5	5,2	5,2	5,3							 			
	
D
DIMARCO F.
VER	5	4	3,2	5,7	6,2	5,7	5,2	5,95	5,87			1	1			 			
	
D
SALA J.
SPA	14	8	6,2	5,62	5,5	5,79	5,58	5,56	5,64				1			 			
	
P
SEPE L.
PAR	29	29	18,4	6,33	6,36	6,22	5,17	6,35	6,3	39			1			 	2		5
	
D
RANIERI L.
FIO	3	2	2,2	5,5	5,33	5	5,17	5,42	5,28					1		 			
	
C
IMBULA G.
LEC	3	1	7,3	5,17	5,83	5,33	5,17	5,5	5,44							 			
	
P
DONNARUMMA G.
MIL	31	31	20,4	6,19	6,1	6,27	5,15	6,14	6,19	37			3			 	2		3
	
A
PALOSCHI A.
SPA	7	5	7,4	5,23	5,28	5,5	5,23	5,26	5,34							 			
	
D
DJIDJI K.
TOR	12	9	4,2	5,33	5,21	5,36	5,12	5,27	5,3			1	1			 			
	
A
CERRI A.
SPA	5	3	8,4	5,58	5,75	5,67	5,73	5,66	5,67				1			 			
	
P
MUSSO J.
UDI	32	32	19,4	6,32	6,23	6,19	5,03	6,28	6,25	46						 	2		7
	
P
DRAGOWSKI B.
FIO	31	31	19,4	6,27	6,24	6,15	5,02	6,26	6,22	43			1			 	2		6
	
P
DA COSTA A.
BOL	1	1	2,1	6	6	5,5	5	6	5,83	1						 			
	
D
RICCARDI D.
LEC	1		1,2	5	6	6	5	5,5	5,67							 			
	
D
VERA B.
LEC	2	1	4,2	5	5	5	5	5	5							 			
	
A
SILVA A.
MIL	1	1	17,1	5,5	6	5	5	5,75	5,5				1			 			
	
A
JANKOVIC M.
SPA	2	1	5,4	5	5,25	5,5	5	5,12	5,25							 			
	
A
MONCINI G.
SPA	2	2	12,1	5	5,25	5,25	5	5,12	5,17							 			
	
P
SILVESTRI M.
VER	32	32	16,4	6,2	6,28	6,25	4,98	6,24	6,24	38			2			 			6
	
P
GOLLINI P.
ATA	28	28	18,4	6,3	6,23	6,16	4,93	6,26	6,23	37			3			 			6
	
P
OLSEN R.
CAG	18	18	10,4	6,25	6,31	6,22	4,86	6,28	6,26	24				1		 			4
	
P
MERET A.
NAP	19	18	18,4	6,16	6,29	5,95	4,84	6,22	6,13	28						 	1		3
	
P
LOPEZ P.
ROM	27	27	17,4	6,17	6,26	6,02	4,83	6,22	6,15	38			2			 	1		7
	
P
TURATI S.
SAS	3	3	1,1	5,5	5,5	5,5	4,83	5,5	5,5	2						 			
	
D
EL YAMIQ J.
GEN	3	2	2,2	5	5	4,5	4,83	5	4,83				1			 			
	
P
PADELLI D.
INT	5	5	2,1	5,6	6	5,8	4,8	5,8	5,8	4						 			1
	
P
SIRIGU S.
TOR	32	32	15,4	6,61	6,47	6,75	4,8	6,54	6,61	59			4			 	1		8
	
P
OSPINA D.
NAP	14	14	10,4	5,86	5,89	5,85	4,79	5,88	5,87	15						 			2
	
P
BERISHA E.
SPA	26	26	14,4	6,44	6,19	6,21	4,73	6,32	6,28	44			1			 			6
	
P
CONSIGLI A.
SAS	27	27	14,4	6,15	6,15	6,07	4,65	6,15	6,12	43			1			 	1		7
	
A
TEODORCZYK L.
UDI	5	2	10,1	5,75	5,67	5,9	5,75	5,71	5,77				1			 			
	
P
ANDRENACCI L.
BRE	4	3	1,1	5,75	5,62	20,5	4,5	5,68	10,62	5						 			
	
P
RAFAEL D.
CAG	7	6	4,1	6,08	5,92	6	4,42	6	6	11						 			2
	
P
SKORUPSKI L.
BOL	31	31	15,4	6,03	6,16	6,1	4,48	6,1	6,1	50			2			 	1		6
	
P
AUDERO E.
SAM	32	32	14,4	6,11	6,08	5,88	4,44	6,1	6,02	52		1	1			 			6
	
P
PERIN M.
GEN	15	15	7,1	6,07	6,33	6,1	4,32	6,2	6,17	24			1			 			1
	
P
JORONEN J.
BRE	28	28	11,4	6,16	6,43	6,3	4,39	6,3	6,3	52			1			 	1		9
	
D
JESUS J.
ROM	2	1	4,2	4,75	4,5	4,5	4,25	4,62	4,58				2			 			
	
P
LETICA K.
SPA	7	7	4,1	5,86	5,93	5,71	4,21	5,9	5,83	14			1			 	1		
	
P
VIGORITO M.
LEC	5	4	3,1	6	5,8	5,9	4,1	5,9	5,9	9			1			 			1
	
P
RADU I.
GEN	17	17	11,4	6,13	5,89	5,89	4,26	6,01	5,97	35			1			 			6
	
D
CARBONI A.
CAG	1	1	2,2	5	4,5	4,5	4	4,75	4,67					1		 			
	
P
GABRIEL V.
LEC	28	28	9,1	6,11	6,3	6,09	3,95	6,2	6,17	62			3			 	1		10